a0 = 0.00376903;
a1 = 0.0731193;
a2 = 0.469961;

b0 = 0.0050882;

alpha1 = 0.42;
alpha2 = 0.19;
alpha3 = 1.5;
alpha4 = 0.95;

u_min = 0;
u_max = 1;
u_step_time = 10;

T = 0.1;

lin_point = 1;
t_fin = 90;